0,1,2329
1,0,2867
0,2,461
1,1,543
2,0,664
0,3,161
1,2,233
2,1,208
3,0,241
0,4,77
1,3,81
2,2,87
3,1,111
4,0,113
0,5,35
1,4,42
2,3,50
3,2,57
4,1,51
5,0,51
0,6,25
1,5,27
2,4,31
3,3,23
4,2,28
5,1,38
6,0,40
0,7,24
1,6,19
2,5,25
3,4,23
4,3,21
5,2,17
6,1,24
7,0,17
0,8,9
1,7,16
2,6,10
3,5,14
4,4,10
5,3,14
6,2,16
7,1,17
8,0,17
0,9,9
1,8,8
2,7,3
3,6,7
4,5,10
5,4,4
6,3,12
7,2,13
8,1,8
9,0,12
0,10,5
1,9,9
2,8,8
3,7,7
4,6,12
5,5,8
6,4,9
7,3,9
8,2,9
9,1,10
10,0,19
0,11,4
1,10,4
2,9,6
3,8,5
4,7,8
5,6,1
6,5,7
7,4,3
8,3,9
9,2,8
10,1,5
11,0,6
0,12,1
1,11,4
2,10,4
3,9,5
4,8,3
5,7,7
6,6,5
7,5,2
8,4,6
9,3,4
10,2,9
11,1,5
12,0,6
1,12,3
2,11,6
3,10,1
5,8,2
6,7,3
7,6,3
8,5,6
9,4,3
10,3,6
11,2,4
12,1,7
13,0,10
0,14,3
1,13,1
2,12,2
3,11,2
4,10,2
6,8,2
7,7,3
8,6,1
9,5,4
10,4,5
11,3,1
12,2,2
13,1,5
14,0,5
0,15,3
1,14,2
2,13,1
3,12,2
4,11,2
5,10,2
6,9,2
7,8,2
8,7,4
9,6,2
11,4,2
12,3,2
13,2,3
14,1,2
0,16,2
1,15,2
2,14,2
3,13,3
4,12,2
5,11,1
6,10,1
7,9,1
8,8,3
10,6,2
11,5,3
12,4,5
13,3,2
14,2,3
15,1,1
0,17,4
2,15,2
4,13,4
6,11,2
7,10,3
8,9,1
9,8,1
10,7,3
11,6,2
12,5,1
13,4,1
14,3,1
15,2,2
16,1,1
1,17,1
4,14,2
5,13,1
7,11,2
8,10,1
10,8,2
11,7,1
12,6,4
13,5,2
14,4,1
15,3,1
16,2,1
17,1,3
18,0,2
0,19,1
1,18,2
3,16,1
4,15,2
5,14,2
7,12,1
8,11,2
9,10,1
10,9,1
11,8,1
13,6,1
15,4,1
17,2,1
18,1,3
19,0,1
0,20,1
2,18,1
5,15,1
7,13,1
11,9,2
12,8,1
15,5,1
17,3,2
18,2,1
20,0,2
0,21,1
2,19,3
3,18,1
4,17,2
5,16,1
6,15,2
7,14,1
8,13,1
11,10,1
12,9,2
13,8,2
14,7,1
15,6,2
16,5,2
17,4,1
18,3,1
19,2,1
0,22,2
3,19,1
6,16,1
7,15,1
9,13,2
11,11,1
17,5,1
18,4,1
19,3,1
21,1,2
22,0,4
0,23,1
1,22,1
2,21,1
3,20,1
4,19,1
5,18,1
9,14,2
11,12,1
14,9,1
15,8,2
17,6,1
21,2,2
1,23,1
4,20,3
6,18,1
11,13,1
12,12,1
13,11,1
14,10,1
16,8,2
17,7,1
18,6,1
19,5,1
23,1,2
24,0,1
0,25,1
4,21,2
6,19,1
7,18,1
8,17,1
12,13,2
14,11,2
15,10,3
16,9,2
17,8,1
24,1,5
2,24,1
5,21,1
6,20,1
8,18,1
9,17,1
13,13,1
14,12,1
16,10,1
24,2,1
25,1,1
26,0,2
0,27,1
5,22,1
8,19,1
9,18,1
17,10,1
19,8,1
20,7,1
23,4,1
24,3,1
1,27,2
3,25,2
6,22,1
9,19,1
13,15,1
20,8,1
23,5,2
24,4,2
25,3,2
27,1,1
5,24,1
6,23,2
24,5,2
29,0,1
7,23,2
9,21,2
12,18,1
14,16,1
15,15,1
28,2,1
10,21,1
19,12,1
21,10,1
24,7,2
29,2,2
30,1,1
8,24,1
10,22,1
16,16,1
21,11,1
23,9,1
24,8,1
31,1,1
5,28,1
12,21,1
13,20,1
14,19,1
23,10,1
24,9,1
25,8,1
26,7,1
28,5,2
31,2,1
33,0,1
0,34,1
4,30,1
7,27,1
19,15,1
22,12,1
26,8,2
32,2,1
13,22,1
24,11,1
11,25,1
14,22,1
26,10,1
31,5,1
34,2,1
10,27,1
12,25,1
17,20,1
22,15,1
28,9,1
31,6,1
33,4,1
35,2,2
37,0,1
12,26,1
16,22,1
24,14,1
27,11,1
35,3,1
0,39,1
2,37,1
3,36,1
4,35,1
7,32,1
29,10,1
32,7,1
33,6,1
15,25,1
17,23,1
27,13,1
30,10,1
33,7,1
35,5,1
0,41,1
11,30,1
19,22,1
22,19,1
24,17,1
26,15,1
29,12,1
10,33,1
11,32,1
34,9,1
12,32,1
34,10,1
43,1,1
9,36,1
14,31,1
21,24,1
33,12,1
34,11,1
36,9,1
5,41,1
44,2,1
4,43,1
25,22,1
28,19,1
29,18,1
43,4,1
5,43,1
42,6,1
48,0,1
31,18,1
3,47,1
10,40,1
3,48,1
16,35,1
11,41,1
34,18,1
40,13,1
1,53,1
25,29,1
31,23,1
35,19,1
15,40,1
23,32,1
40,16,1
55,1,1
47,10,1
33,25,1
54,4,1
1,58,1
19,40,1
51,8,1
8,52,1
13,47,1
15,46,1
29,32,1
33,28,1
44,17,1
41,24,1
17,49,1
47,20,1
67,0,1
41,27,1
51,17,1
7,62,1
57,12,1
63,7,1
68,2,1
15,56,1
36,37,1
28,46,1
36,38,1
60,14,1
61,14,1
26,50,1
76,0,1
19,58,1
64,15,1
17,63,1
32,51,1
25,60,1
85,0,1
32,54,1
83,3,1
28,59,1
41,48,1
24,66,1
70,20,1
31,61,1
56,36,1
54,39,1
64,31,1
13,86,1
56,44,1
7,101,1
7,102,1
27,83,1
23,90,1
27,88,1
62,55,1
98,21,1
27,94,1
62,63,1
60,67,1
114,14,1
78,57,1
56,81,1
13,126,1
137,2,1
29,115,1
132,14,1
44,104,1
66,89,1
117,40,1
23,142,1
44,135,1
15,175,1
69,122,1
85,107,1
154,38,1
182,18,1
158,43,1
94,109,1
98,108,1
145,66,1
183,45,1
187,43,1
81,174,1
217,38,1
124,138,1
260,9,1
263,7,1
66,245,1
73,257,1
223,115,1
214,131,1
294,58,1
72,305,1
143,259,1
387,45,1
113,340,1
290,174,1
254,226,1
265,252,1
401,154,1
145,643,1
602,381,1
1035,108,1
1353,71,1
330,1231,1
1195,844,1
24009,19540,1
